272:17,302,84,1102,654,3,273,3234,1348,6
678:616,138,591,1196,65,356,238,1109,554,327
775:0,0,0,0,0,0,0,0,0,0
825:0,0,0,0,0,0,0,0,0,0
844:17,302,654,84,1102,866,650,616,138,361
1068:2021,15026,41856,10936,11994,14340,15400,29569,14091,17045
1517:49001,25843,110443,62691,26432,5589,21825,92413,7665,54687
1932:1730,500,10039,2139,5097,3568,890,17403,2265,3484
2034:1352,189,4755,1527,10041,8848,3107,2880,6434,3172
2302:774,2696,1827,2714,2403,2559,5587,16229,20300,2142
2394:17,8,518,354,84,8213,542,101,94,364
2518:2139,1730,4880,10039,2008,2063,1377,826,2265,3928
2634:289,101,32,554,188,2193,36370,41216,42409,1957
2727:654,17,302,29,6,239,273,1550,3841,179
2745:361,866,254,546,5465,7194,1995,14885,1131,7011
3238:327,8663,35486,889,1287,65107,13396,3120,19152,3039
3239:302,654,17,239,29,6,190,273,2618,58
3419:58,302,542,162,6,224,1245,568,239,70
3421:0,0,0,0,0,0,0,0,0,0
3431:0,0,0,0,0,0,0,0,0,0
3475:2030,146,245,4268,674,15,447,364,3632,1262
3849:17,302,654,84,29,1102,354,301,866,361
3862:301,327,1190,7608,1077,7468,119,3064,6527,3233
4184:302,654,29,17,58,285,138,239,6,726
4209:0,0,0,0,0,0,0,0,0,0
4213:0,0,0,0,0,0,0,0,0,0
4537:294,4542,1499,1287,5567,429,2121,1402,4486,3472
4863:0,0,0,0,0,0,0,0,0,0
5006:285,596,5991,5612,15,568,14838,986,2770,54944
5309:899,1187,2162,48,875,6450,1119,2935,4420,4364
5433:17,302,650,356,224,3,654,273,1220,1102
5499:81,3137,3423,8283,731,13544,22597,5860,12727,550
5536:3034,20288,546,1462,2139,117,1302,7556,1592,1200
5780:616,650,76,654,138,70,8,508,17,302
6076:616,591,238,1196,861,327,65,119,1109,554
6587:76,616,262,591,358,17,15,61,58,1305
6642:76,17,302,616,500,394,25162,190,866,1276
6676:736,866,361,1764,496,13420,2966,80332,17156,2930
6894:0,0,0,0,0,0,0,0,0,0
7184:0,0,0,0,0,0,0,0,0,0
7419:1326,168,14754,2153,1528,719,2318,5738,5480,877
7466:353,1951,2268,245,185,774,3514,4487,29097,1002
7661:508,5689,13838,1435,25174,3144,1551,834,1881,14762
8008:0,0,0,0,0,0,0,0,0,0
8537:363,2369,155,15,1550,162,273,239,8213,322
8600:1099,2121,873,931,23911,1360,1402,807,49733,65327
8711:0,0,0,0,0,0,0,0,0,0
8735:354,829,8213,278,94,864,8787,364,673,29782
8789:508,13838,4755,378,1352,1989,2337,8009,931,65260
8850:1352,4755,189,1527,3107,10041,2880,6434,8848,3172
8913:1352,4755,1712,2880,189,10041,840,378,4568,3172
9333:2030,8,245,787,61,542,8213,4268,364,673
9808:103,327,546,1126,1410,2200,1077,656,32,787
9834:327,8663,1287,35486,238,13396,889,19152,29456,65107
9961:302,17,9231,1590,3,415,68498,18536,38267,21056
10233:2547,564,1462,70,2757,650,138,9738,1790,367
10691:0,0,0,0,0,0,0,0,0,0
10770:4671,7334,7622,9594,14259,1077,5975,7468,8427,1131
10820:58,3884,29,12373,25620,5862,44642,44293,29516,12111
11280:0,0,0,0,0,0,0,0,0,0
11332:0,0,0,0,0,0,0,0,0,0
11404:564,736,40,698,4017,5729,1069,3105,76,17
11427:0,0,0,0,0,0,0,0,0,0
11458:564,616,12439,10258,14220,1345,7809,7907,47000,17800
11651:62,24038,45,120,5604,16918,14394,11947,407,26706
11990:10039,3484,2008,2194,40401,23197,3740,24425,3131,20091
12028:302,58,616,17,29,654,354,285,6,394
12428:0,0,0,0,0,0,0,0,0,0
12568:0,0,0,0,0,0,0,0,0,0
12628:0,0,0,0,0,0,0,0,0,0
12663:236,3448,10682,5080,1764,10641,12253,7795,1912,4756
12794:826,1164,3484,2139,2194,3288,698,2548,2917,3977
12991:0,0,0,0,0,0,0,0,0,0
13040:81,3423,3137,986,7211,1884,140,8283,5767,3374
13233:394,238,1001,4008,356,3231,3429,6353,2185,591
13506:29,6102,30330,13186,1761,673,322,6,690,56918
13633:554,101,289,1804,58,1499,15370,5753,4669,2469
13666:76,670,2829,298,1131,225,4671,2548,1784,1790
13884:76,650,302,508,17,65,1764,1109,273,645
13995:226,7087,921,3645,3282,23863,11825,3060,6320,27335
14065:698,40,500,2139,262,826,5363,96,1069,5663
15101:2406,5693,4,6906,8476,27521,2008,58041,42870,2646
15130:0,0,0,0,0,0,0,0,0,0
15278:1109,787,2937,32,402,2200,4268,363,431,1405
15388:226,70,81,986,1462,1023,1790,3423,500,124
15666:0,0,0,0,0,0,0,0,0,0
15671:0,0,0,0,0,0,0,0,0,0
15752:17,84,1102,873,65,947,931,1410,2121,1382
15835:1310,696,5741,26376,16935,17426,40888,34309,22867,42069
15950:698,168,1326,40,10267,719,4372,463,2414,8860
16043:1382,219,1551,1023,508,124,1790,245,1449,5319
16309:616,654,81,70,564,138,1196,17,780,394
16553:899,48,1187,2162,875,6450,1119,2935,4420,947
16799:508,4686,5689,2139,13838,698,48057,24271,40,931
16961:508,1451,70,931,1099,873,481,888,1023,710
17074:3137,4021,81,1749,5767,403,9790,13596,780,15535
17426:0,0,0,0,0,0,0,0,0,0
17579:0,0,0,0,0,0,0,0,0,0
17869:168,463,9874,2318,2685,72,5480,801,1081,8860
18133:568,239,6496,5553,2326,5028,15,3841,2919,4541
18709:698,96,4,2512,10305,19795,1970,14524,21640,3348
18827:6901,2778,76,2139,698,8476,240,2406,4,8783
18965:2068,1790,25628,5545,6484,2492,9276,23247,9289,92235
19019:138,1462,5581,9914,1762,986,4032,901,9906,18851
19022:81,3423,2241,7211,5860,12727,3374,8283,13544,8667
19096:2139,4880,2008,826,1164,1730,5292,2063,533,21098
19165:947,908,2950,373,1127,4268,6503,11146,2058,3039
19452:29,354,673,94,8213,3711,61,65,891,4456
19583:168,21317,9874,5480,34298,11431,14161,23627,92744,35033
19757:40,698,262,500,826,5398,2139,901,5363,2414
20059:301,3855,25461,94,8712,1410,1535,86855,12651,16236
20075:289,101,2924,23398,32,554,36370,41216,6378,1152
20378:17,947,1119,245,873,931,119,342,953,131
20466:7334,9594,4671,1077,11855,1468,14259,7622,9435,19152
20872:1696,81,2967,4194,611,1682,2275,698,986,7000
20906:0,0,0,0,0,0,0,0,0,0
20911:1119,2162,899,1187,2935,875,1057,48,245,1389
21689:409,45,1550,363,20351,7171,205,31850,14486,2369
22198:238,14819,7612,394,24032,20672,34935,64568,13623,16553
23311:866,19434,25475,52692,24246,33919,25755,34203,79013,35165
24075:2265,1913,8715,8349,6387,22614,40263,45726,31633,5443
24162:0,0,0,0,0,0,0,0,0,0
24727:4239,3578,157,840,2548,8772,947,19544,17726,1119
24731:1550,394,238,4008,155,356,3429,273,430,3231
25147:361,866,254,5465,546,7194,1995,7011,8818,1302
25719:17,131,65,1410,953,119,3039,1127,1348,787
25854:0,0,0,0,0,0,0,0,0,0
26100:0,0,0,0,0,0,0,0,0,0
26234:301,1119,654,3855,13342,35632,17646,245,2769,1410
26707:0,0,0,0,0,0,0,0,0,0
26831:899,48,1187,2162,875,6450,2935,4299,4420,1119
26844:1326,14754,2275,5738,2153,752,877,1682,1460,1400
27195:168,463,2318,984,8860,574,2103,10267,9874,661
27480:83482,22799,1442,48134,57996,3228,88918,24993,7232,54900
28019:518,8,84,1102,101,289,2193,902,303,398
28181:0,0,0,0,0,0,0,0,0,0
28801:17,790,418,1847,9902,7874,89895,42166,83700,94599
28873:0,0,0,0,0,0,0,0,0,0
28946:353,1951,3514,2268,4589,245,774,4797,4487,601
29424:358,40,5398,2139,698,3484,36767,5363,96,7096
29922:0,0,0,0,0,0,0,0,0,0
30375:84,8,616,1102,58,736,518,17,301,302
30621:4339,1435,508,6311,76,2068,226,8011,38234,3172
31016:669,24933,9674,6856,16965,13077,56595,31597,14915,38522
31274:0,0,0,0,0,0,0,0,0,0
31578:2312,347,6545,6901,9043,2414,31315,8783,1651,28632
32356:2292,6491,18239,785,1682,6127,13737,11671,8275,32616
32409:0,0,0,0,0,0,0,0,0,0
32707:0,0,0,0,0,0,0,0,0,0
32819:0,0,0,0,0,0,0,0,0,0
33355:0,0,0,0,0,0,0,0,0,0
33752:0,0,0,0,0,0,0,0,0,0
33988:0,0,0,0,0,0,0,0,0,0
34293:0,0,0,0,0,0,0,0,0,0
34468:81,780,3423,229,2241,8283,3137,5767,217,22597
34702:301,94,364,10492,3855,15,2030,4268,289,70
34709:6901,4146,10692,1651,8783,5357,6117,8129,3043,3095
35229:0,0,0,0,0,0,0,0,0,0
35806:289,101,2924,23398,1122,33683,1406,33720,13878,554
36419:0,0,0,0,0,0,0,0,0,0
37480:0,0,0,0,0,0,0,0,0,0
37878:0,0,0,0,0,0,0,0,0,0
38557:4372,1460,2579,2337,13312,1205,7132,14754,1997,2275
38813:0,0,0,0,0,0,0,0,0,0
38888:873,2121,23911,6381,1099,65327,49733,1360,19350,66812
39084:986,1884,2379,1888,2967,17317,5355,140,6733,3819
39983:13391,6421,83058,17701,16573,72117,14275,39813,82441,16034
40472:0,0,0,0,0,0,0,0,0,0
40642:0,0,0,0,0,0,0,0,0,0
40682:168,719,801,5480,2259,661,8860,2642,72,463
41261:0,0,0,0,0,0,0,0,0,0
41301:873,1099,53529,6381,22018,1504,80357,73498,103264,68052
41310:1276,182,2669,1245,224,6840,1109,8194,37121,3144
42184:0,0,0,0,0,0,0,0,0,0
42229:0,0,0,0,0,0,0,0,0,0
43316:0,0,0,0,0,0,0,0,0,0
43359:29,6102,30330,13186,1761,673,3432,56918,322,690
44416:394,1001,138,3429,616,285,861,356,236,302
45261:0,0,0,0,0,0,0,0,0,0
45341:0,0,0,0,0,0,0,0,0,0
47858:0,0,0,0,0,0,0,0,0,0
47913:353,1951,2268,185,2028,245,7669,1002,774,4487
48680:0,0,0,0,0,0,0,0,0,0
48954:0,0,0,0,0,0,0,0,0,0
49112:0,0,0,0,0,0,0,0,0,0
51195:0,0,0,0,0,0,0,0,0,0
52516:0,0,0,0,0,0,0,0,0,0
52778:0,0,0,0,0,0,0,0,0,0
